Voltage (V)  Current  (A)
5.722E-4	-6.280E-9
1.828E-3	-5.336E-8
2.514E-3	7.746E-9
6.197E-3	1.979E-8
7.198E-3	3.232E-8
8.826E-3	4.303E-8
1.163E-2	-1.359E-8
1.405E-2	1.743E-8
1.463E-2	8.714E-8
1.574E-2	1.121E-7
1.876E-2	1.579E-7
2.064E-2	5.519E-8
2.108E-2	9.754E-8
2.532E-2	1.391E-7
2.654E-2	1.445E-7
2.727E-2	1.072E-7
2.954E-2	1.470E-7
3.051E-2	1.331E-7
3.293E-2	3.747E-8
3.600E-2	5.296E-8
3.702E-2	6.510E-8
3.878E-2	1.747E-7
4.010E-2	9.367E-8
4.219E-2	1.147E-7
4.571E-2	1.554E-7
4.585E-2	1.297E-7
4.840E-2	1.290E-7
4.905E-2	1.700E-7
5.179E-2	1.485E-7
5.536E-2	1.148E-7
5.540E-2	2.707E-7
5.730E-2	1.909E-7
5.840E-2	1.804E-7
6.127E-2	1.607E-7
6.426E-2	1.921E-7
6.507E-2	1.847E-7
6.687E-2	2.639E-7
6.782E-2	1.969E-7
6.980E-2	2.182E-7
7.367E-2	1.888E-7
7.368E-2	2.370E-7
7.629E-2	2.661E-7
7.779E-2	1.733E-7
7.921E-2	1.830E-7
8.281E-2	1.922E-7
8.339E-2	2.952E-7
8.578E-2	3.142E-7
8.705E-2	2.493E-7
8.883E-2	2.976E-7
9.196E-2	2.903E-7
9.270E-2	2.694E-7
9.480E-2	3.559E-7
9.575E-2	2.762E-7
9.818E-2	2.920E-7
1.018E-1	3.375E-7
1.021E-1	2.982E-7
1.038E-1	3.872E-7
1.053E-1	2.620E-7
1.069E-1	3.692E-7
1.100E-1	3.785E-7
1.107E-1	3.569E-7
1.151E-1	3.449E-7
1.156E-1	2.944E-7
1.165E-1	4.381E-7
1.199E-1	3.859E-7
1.223E-1	4.482E-7
1.236E-1	4.318E-7
1.239E-1	4.144E-7
1.274E-1	4.269E-7
1.280E-1	3.533E-7
1.297E-1	3.977E-7
1.327E-1	4.263E-7
1.334E-1	2.865E-7
1.349E-1	4.307E-7
1.378E-1	4.213E-7
1.385E-1	3.783E-7
1.422E-1	5.183E-7
1.420E-1	4.257E-7
1.465E-1	4.874E-7
1.471E-1	4.832E-7
1.477E-1	5.056E-7
1.511E-1	4.528E-7
1.518E-1	4.598E-7
1.558E-1	4.867E-7
1.560E-1	5.576E-7
1.574E-1	5.360E-7
1.606E-1	5.098E-7
1.608E-1	5.232E-7
1.648E-1	5.685E-7
1.658E-1	5.139E-7
1.649E-1	5.806E-7
1.700E-1	5.373E-7
1.681E-1	5.603E-7
1.724E-1	5.610E-7
1.729E-1	5.823E-7
1.742E-1	5.868E-7
1.770E-1	6.393E-7
1.795E-1	6.340E-7
1.817E-1	6.795E-7
1.841E-1	6.642E-7
1.834E-1	7.804E-7
1.886E-1	6.242E-7
1.867E-1	6.637E-7
1.907E-1	6.623E-7
1.917E-1	7.021E-7
1.933E-1	6.806E-7
1.963E-1	6.724E-7
1.964E-1	6.515E-7
2.001E-1	7.893E-7
2.010E-1	7.470E-7
2.023E-1	7.436E-7
2.053E-1	7.989E-7
2.059E-1	7.340E-7
2.094E-1	7.936E-7
2.104E-1	8.441E-7
2.113E-1	8.028E-7
2.148E-1	9.214E-7
2.169E-1	8.119E-7
2.186E-1	8.364E-7
2.197E-1	8.657E-7
2.203E-1	8.882E-7
2.235E-1	8.659E-7
2.244E-1	8.974E-7
2.283E-1	9.071E-7
2.294E-1	8.859E-7
2.304E-1	1.027E-6
2.333E-1	9.778E-7
2.352E-1	9.161E-7
2.369E-1	1.020E-6
2.387E-1	1.058E-6
2.395E-1	1.066E-6
2.430E-1	1.060E-6
2.440E-1	1.068E-6
2.463E-1	1.177E-6
2.502E-1	1.126E-6
2.487E-1	1.196E-6
2.540E-1	1.244E-6
2.555E-1	1.240E-6
2.573E-1	1.275E-6
2.593E-1	1.308E-6
2.596E-1	1.382E-6
2.635E-1	1.411E-6
2.643E-1	1.411E-6
2.674E-1	1.407E-6
2.688E-1	1.441E-6
2.693E-1	1.436E-6
2.722E-1	1.524E-6
2.740E-1	1.565E-6
2.766E-1	1.513E-6
2.784E-1	1.539E-6
2.782E-1	1.651E-6
2.817E-1	1.642E-6
2.829E-1	1.632E-6
2.852E-1	1.787E-6
2.872E-1	1.762E-6
2.878E-1	1.797E-6
2.903E-1	1.919E-6
2.924E-1	1.903E-6
2.945E-1	1.957E-6
2.965E-1	1.962E-6
2.962E-1	2.030E-6
3.003E-1	2.120E-6
3.014E-1	2.106E-6
3.036E-1	2.241E-6
3.057E-1	2.242E-6
3.056E-1	2.367E-6
3.087E-1	2.445E-6
3.105E-1	2.416E-6
3.126E-1	2.588E-6
3.147E-1	2.565E-6
3.146E-1	2.687E-6
3.180E-1	2.758E-6
3.193E-1	2.781E-6
3.220E-1	2.871E-6
3.231E-1	2.904E-6
3.234E-1	2.966E-6
3.272E-1	3.195E-6
3.282E-1	3.183E-6
3.304E-1	3.234E-6
3.321E-1	3.384E-6
3.325E-1	3.474E-6
3.359E-1	3.659E-6
3.374E-1	3.706E-6
3.415E-1	3.926E-6
3.428E-1	3.857E-6
3.430E-1	4.052E-6
3.464E-1	4.299E-6
3.473E-1	4.365E-6
3.484E-1	4.574E-6
3.516E-1	4.614E-6
3.520E-1	4.728E-6
3.546E-1	4.951E-6
3.548E-1	4.993E-6
3.573E-1	5.208E-6
3.606E-1	5.333E-6
3.610E-1	5.470E-6
3.631E-1	5.712E-6
3.638E-1	5.757E-6
3.674E-1	6.360E-6
3.708E-1	6.338E-6
3.708E-1	6.503E-6
3.731E-1	6.921E-6
3.733E-1	6.926E-6
3.760E-1	7.229E-6
3.788E-1	7.443E-6
3.794E-1	7.496E-6
3.810E-1	8.001E-6
3.834E-1	8.265E-6
3.855E-1	8.765E-6
3.884E-1	8.782E-6
3.890E-1	9.083E-6
3.907E-1	9.525E-6
3.918E-1	9.619E-6
3.934E-1	1.016E-5
3.981E-1	1.057E-5
3.979E-1	1.080E-5
4.005E-1	1.132E-5
4.009E-1	1.139E-5
4.030E-1	1.203E-5
4.075E-1	1.260E-5
4.074E-1	1.285E-5
4.091E-1	1.341E-5
4.097E-1	1.358E-5
4.133E-1	1.471E-5
4.155E-1	1.498E-5
4.166E-1	1.518E-5
4.177E-1	1.589E-5
4.198E-1	1.657E-5
4.218E-1	1.743E-5
4.259E-1	1.821E-5
4.263E-1	1.846E-5
4.274E-1	1.947E-5
4.296E-1	2.031E-5
4.311E-1	2.106E-5
4.346E-1	2.188E-5
4.352E-1	2.213E-5
4.365E-1	2.346E-5
4.389E-1	2.392E-5
4.405E-1	2.521E-5
4.434E-1	2.615E-5
4.436E-1	2.636E-5
4.452E-1	2.760E-5
4.469E-1	2.841E-5
4.484E-1	2.986E-5
4.516E-1	3.083E-5
4.529E-1	3.223E-5
4.540E-1	3.347E-5
4.557E-1	3.420E-5
4.586E-1	3.654E-5
4.617E-1	3.790E-5
4.627E-1	3.929E-5
4.641E-1	4.056E-5
4.657E-1	4.164E-5
4.674E-1	4.414E-5
4.699E-1	4.631E-5
4.711E-1	4.699E-5
4.730E-1	4.886E-5
4.742E-1	5.026E-5
4.756E-1	5.288E-5
4.793E-1	5.567E-5
4.804E-1	5.691E-5
4.827E-1	5.966E-5
4.842E-1	6.129E-5
4.850E-1	6.384E-5
4.875E-1	6.574E-5
4.885E-1	6.831E-5
4.913E-1	7.121E-5
4.923E-1	7.325E-5
4.938E-1	7.642E-5
4.959E-1	7.914E-5
4.981E-1	8.234E-5
4.987E-1	8.531E-5
5.016E-1	8.880E-5
5.031E-1	9.094E-5
5.044E-1	9.402E-5
5.066E-1	9.875E-5
5.077E-1	1.014E-4
5.098E-1	1.060E-4
5.118E-1	1.090E-4
5.132E-1	1.125E-4
5.146E-1	1.175E-4
5.171E-1	1.203E-4
5.181E-1	1.246E-4
5.194E-1	1.297E-4
5.210E-1	1.349E-4
5.226E-1	1.406E-4
5.256E-1	1.461E-4
5.269E-1	1.514E-4
5.284E-1	1.557E-4
5.299E-1	1.607E-4
5.321E-1	1.659E-4
5.330E-1	1.723E-4
5.351E-1	1.788E-4
5.366E-1	1.861E-4
5.381E-1	1.927E-4
5.404E-1	1.991E-4
5.415E-1	2.060E-4
5.433E-1	2.126E-4
5.445E-1	2.202E-4
5.462E-1	2.277E-4
5.478E-1	2.344E-4
5.497E-1	2.427E-4
5.511E-1	2.494E-4
5.524E-1	2.573E-4
5.538E-1	2.664E-4
5.550E-1	2.744E-4
5.566E-1	2.829E-4
5.586E-1	2.918E-4
5.603E-1	3.013E-4
5.617E-1	3.119E-4
5.630E-1	3.220E-4
5.644E-1	3.322E-4
5.666E-1	3.429E-4
5.671E-1	3.522E-4
5.686E-1	3.634E-4
5.700E-1	3.739E-4
5.710E-1	3.858E-4
5.731E-1	3.981E-4
5.745E-1	4.094E-4
5.759E-1	4.224E-4
5.770E-1	4.354E-4
5.785E-1	4.493E-4
5.805E-1	4.637E-4
5.814E-1	4.774E-4
5.830E-1	4.923E-4
5.846E-1	5.069E-4
5.861E-1	5.228E-4
5.877E-1	5.387E-4
5.889E-1	5.528E-4
5.903E-1	5.693E-4
5.914E-1	5.861E-4
5.931E-1	6.035E-4
5.940E-1	6.206E-4
5.953E-1	6.378E-4
6.000E-1	7.021E-4
6.011E-1	7.182E-4
6.023E-1	7.346E-4
6.033E-1	7.503E-4
6.079E-1	8.182E-4
6.085E-1	8.337E-4
6.093E-1	8.503E-4
6.129E-1	9.206E-4
6.138E-1	9.333E-4
6.143E-1	9.475E-4
6.184E-1	1.024E-3
6.195E-1	1.039E-3
6.199E-1	1.054E-3
6.231E-1	1.134E-3
6.241E-1	1.149E-3
6.269E-1	1.232E-3
6.275E-1	1.244E-3
6.281E-1	1.260E-3
6.320E-1	1.350E-3
6.327E-1	1.364E-3
6.354E-1	1.456E-3
6.388E-1	1.547E-3
6.387E-1	1.559E-3
6.415E-1	1.655E-3
6.416E-1	1.665E-3
6.601E-1	2.621E-3
6.658E-1	2.942E-3
6.688E-1	3.108E-3
6.712E-1	3.289E-3
6.747E-1	3.442E-3
6.773E-1	3.626E-3
6.792E-1	3.706E-3
6.798E-1	3.845E-3
6.815E-1	3.987E-3
6.849E-1	4.199E-3
6.867E-1	4.371E-3
6.876E-1	4.522E-3
6.900E-1	4.643E-3
6.910E-1	4.806E-3
6.940E-1	4.932E-3
6.946E-1	5.130E-3
6.977E-1	5.372E-3
6.997E-1	5.513E-3
7.009E-1	5.695E-3
7.029E-1	5.945E-3
7.045E-1	6.066E-3
7.062E-1	6.379E-3
7.097E-1	6.600E-3
7.104E-1	6.783E-3
7.129E-1	7.120E-3
7.144E-1	7.350E-3
7.170E-1	7.643E-3
7.188E-1	7.821E-3
7.196E-1	8.012E-3
7.216E-1	8.327E-3
7.235E-1	8.569E-3
7.247E-1	8.898E-3
7.278E-1	9.192E-3
7.293E-1	9.535E-3
7.318E-1	9.955E-3
7.330E-1	1.024E-2
7.353E-1	1.058E-2
7.374E-1	1.089E-2
7.392E-1	1.121E-2
7.415E-1	1.171E-2
7.430E-1	1.200E-2
7.449E-1	1.251E-2
